# Created by Octave 7.2.0, Tue Nov 15 18:10:34 2022 GMT <unknown@Admin>
# name: i
# type: scalar
10


# name: ii
# type: scalar
10


# name: max
# type: scalar
10


# name: maxval
# type: scalar
8


# name: x
# type: matrix
# rows: 1
# columns: 10
 -2 -1 -4 -4 7 6 -9 -3 8 1


